21
1 2 0.435282 0.564718 
2 4 0.261671 0.262152 0.242235 0.233943 
3 4 0.122638 0.311035 0.280925 0.285403 
4 2 0.510134 0.489866 
5 3 0.323902 0.323289 0.352809 
6 2 0.371360 0.628640 
7 4 0.260671 0.248580 0.264790 0.225959 
8 3 0.409275 0.316836 0.273889 
9 3 0.325278 0.336457 0.338265 
10 3 0.344213 0.401962 0.253826 
11 3 0.370461 0.306039 0.323500 
12 4 0.251801 0.244414 0.254330 0.249455 
13 3 0.429587 0.100874 0.469539 
14 3 0.439264 0.365815 0.194921 
15 3 0.295269 0.309458 0.395273 
16 3 0.425563 0.333462 0.240975 
17 2 0.659264 0.340736 
18 3 0.346307 0.328117 0.325576 
19 3 0.399452 0.261262 0.339286 
20 4 0.276560 0.265609 0.296792 0.161039 
21 2 0.341628 0.658372 
